238
6 0 39 0.3608454991777999 -0.7004333294343486 -0.6157789187205404 -30.28071928973351 
6 0 48 0.7987424533525678 -0.4787150946700959 -0.3644754468373998 -69.63102142301156 
6 0 31 0.2083977615079048 0.1993499825713138 -0.9575123797880167 -20.45363136071503 
6 0 51 0.8780785383681187 -0.3621123945971882 0.3128141527111564 -78.94230900813872 
6 0 3 0.6689093650837038 -0.7391111784468565 0.07921443806665118 -57.91009092383273 
6 0 6 0.7537151564694196 -0.5779696017390776 0.3128331861773148 -66.97842027862779 
6 0 38 0.01681587232456921 -0.7593472202831295 -0.6504683124382372 -1.723461335982907 
6 0 35 -0.9225210496459029 -0.2497660693202454 -0.2942309018042397 75.72280143656921 
6 0 53 -0.9742884627360291 0.2246511631414186 0.0171419450084567 77.78070558187345 
6 0 36 -0.5298509120561277 0.6382590775184903 0.5584651833002086 18.91047871937421 
6 0 52 -0.7853621678191681 0.4815493362773259 0.3889942185807439 48.37343459302429 
6 0 50 0.3155694857723347 -0.1245274322435065 0.9406959223193345 -35.72849207910652 
6 0 10 -0.01527098507412762 -0.300022091453307 0.9538100133961949 -7.319872955523757 
6 0 7 -0.0520422938536912 -0.8745587575586892 0.4821188434689604 4.46884006411141 
6 1 26 0.7398391911332263 -0.3230250823524528 0.5901633396226206 -70.32397939543756 
6 1 25 0.06952848534199348 -0.4346711467946537 0.8979013219002792 -32.24573516200477 
6 1 9 -0.3159778683828303 0.6136687833267161 0.7235804109168175 9.480296587524123 
6 1 37 0.3158124026684498 -0.4897953447137104 -0.8126272494923847 -27.97489500647584 
6 1 16 -0.6571393162355688 -0.3489964649402434 -0.6681088133804722 37.34888079396347 
6 1 35 0.6212914506701095 0.48390228909263 -0.6163079651725619 -41.4621411807126 
6 1 32 -0.892898818342608 -0.1498990820362703 0.4245726856582483 47.03168799249738 
6 1 2 0.9892830238907963 0.1090977397837389 -0.09704010416091967 -71.00040404539946 
6 1 34 -0.3844506838095863 0.8026244578193203 -0.4560610172209235 26.29779914200581 
6 1 8 0.8544395013273227 0.4968900467308273 0.1517676514654962 -61.40484916249487 
6 2 37 -0.1171284615012492 -0.5675923909833833 -0.8149354583058199 2.792947929215048 
6 2 35 -0.3404821640891933 0.5550720632935517 -0.7589248319090494 28.89841426454568 
6 2 26 0.4723216377973286 -0.4418361267553298 0.7626880801233865 -54.92661824954842 
6 2 8 -0.748694746219261 0.5118828536153036 0.4212269235914651 53.61227898194783 
6 2 38 0.5003061848263042 -0.2455675711307805 -0.8302953025481218 -40.8748288419966 
6 2 53 -0.02725885210366125 0.9514227996934536 -0.3066783513804998 1.281715683221057 
6 2 10 0.5967474875560773 0.3013930264367121 0.7436764617162688 -57.31516347455749 
6 2 7 0.9418162573570142 0.3322709086966018 -0.05077578765475536 -76.10072702667206 
6 2 46 0.960247125935149 0.08909474701433839 0.2645516644962513 -83.05689016329893 
6 2 3 0.9854833394932363 0.02697480879513975 -0.167615474439934 -82.37163032559484 
6 2 27 0.9213681455246976 -0.2224715408615693 0.318727397503037 -83.00012062282954 
6 3 51 0.4694650468498173 0.736692015499297 0.4867108423755141 -46.67907058110112 
6 3 48 0.4983842027759496 0.2352960392644441 -0.8344153404209719 -44.08274852286643 
6 3 6 0.2656225372303329 0.56284494981324 0.7827197647849784 -28.79693343781597 
6 3 47 0.9003642701205834 -0.0831660661361002 0.4271154253052387 -87.49201465173007 
6 3 39 -0.2263195810883845 -0.1765486005626067 -0.9579196411262081 20.94948545809072 
6 3 7 -0.9176101298543454 0.2922800973440713 0.2693770485494846 79.41269891873783 
6 3 46 -0.1864171968769315 0.133136224941176 0.973408123202678 9.431038012661304 
6 3 38 -0.4829424682473644 -0.3247222294076676 -0.8132170965318287 41.50008235191399 
6 3 27 0.2338578806375173 -0.4604470496840241 0.8563287955575281 -30.8323524662273 
6 4 29 0.3771442493343929 0.9119679174174418 0.1614829179674783 -21.57792169568414 
6 4 33 0.3716657185509191 0.1655928591184695 0.913478844124482 -4.522388887827592 
6 4 32 0.568355459817252 -0.1378150809084633 0.8111590933781816 -19.97595734341879 
6 5 45 -0.3723054332739058 -0.4259196385578468 -0.8246096809069623 25.46469721040808 
6 5 29 0.00441110090007662 -0.3889962015766 -0.9212287975024589 14.86384630138975 
6 5 36 0.8930386715547904 -0.3636396528502889 0.265043645429534 -37.0182067030583 
6 5 17 0.6835452143780162 -0.5400250657292606 0.4910589254712918 -36.55246883679882 
6 5 33 -0.01468406071799384 -0.9411781983214301 -0.3375914355626591 27.19240465958335 
6 5 52 0.7496802104956829 -0.6549544294791629 -0.09494354794704477 -15.1313346780251 
6 5 9 0.5962953359778492 -0.8025989155316832 0.01633563829270115 -9.981084747144896 
6 5 32 0.2925573719454918 -0.9551245263503805 -0.04633921972053938 5.803024326921799 
6 6 51 0.6114675903816104 0.7899931642288381 0.04492422937140964 -58.02836729329496 
6 6 47 0.9074330902590481 -0.4160271534829859 0.05904739001648241 -86.49049309866348 
6 6 11 -0.08974563951519027 -0.1390217531017663 0.986214313601522 -0.8704223518050096 
6 6 46 -0.4489992352917417 -0.1896592349648903 0.8731718395023763 33.13064383472023 
6 6 7 -0.9968127756731475 0.07274300780603192 -0.032752787211579 88.46325022714198 
6 6 27 0.1698415275826108 -0.7065255269936106 0.6870047563261887 -24.52506639729639 
6 7 10 0.01061335636000791 0.1200701264649826 0.9927086790178973 -12.50365915413832 
6 7 53 -0.7161945530866484 0.651131381312569 -0.2511837701743527 57.00400698842424 
6 7 35 -0.8426753997527254 0.1822630644640683 -0.5066343316276061 69.07487373568701 
6 7 46 0.8054315972217642 -0.1925616523850534 0.560535415676419 -75.51864418650007 
6 7 8 -0.9740048844159679 0.01044524233647374 0.2262860624218143 75.56077750384529 
6 7 38 0.03917970173008627 -0.4530194779630696 -0.8906392667957153 -3.662470357915526 
6 7 50 0.4071622196758408 0.373252364329169 0.8336075811743363 -45.24951701890011 
6 7 39 0.3972095588826157 -0.3080481871620303 -0.8644830135511423 -33.38048935946809 
6 7 51 0.9875512319480352 0.15235397178752 0.03912584259138389 -88.65316386950683 
6 7 27 0.7136377755979137 -0.51353045795273 0.4764531393479542 -69.61637278282113 
6 8 35 0.1108233740710794 0.230855850809582 -0.9666559656395266 -3.637995480908121 
6 8 34 -0.7842850436674329 0.4092312277110982 -0.4662904379736307 55.24081147355382 
6 8 9 -0.6980942397726786 0.3561217756903135 0.6211615838695951 37.52741500930937 
6 8 52 -0.5017444262308286 0.8244038735353222 0.2619366031051274 22.86783069083506 
6 8 49 0.539003982470907 0.3016544062453118 0.7864345656653773 -56.3972636423358 
6 8 26 0.5883519328169274 -0.5128159649265875 0.6251894027148883 -61.75324988717583 
6 8 53 0.3937879883156741 0.7251801587619731 -0.5648404709263087 -28.9127438958466 
6 8 10 0.8482371019346453 0.07796584693328562 0.5238464905041265 -74.26535695455544 
6 9 24 0.1084902948593146 -0.02261795775389949 0.9938401702026246 -45.17871715483837 
6 9 25 0.2127013384635127 -0.7339797311831275 0.6450053448058969 -38.68013419082811 
6 9 17 0.310234119175112 0.3010689922290724 0.9017273718912014 -52.68014184944988 
6 9 13 0.738592479656626 -0.1009906235105464 0.666544854422887 -71.59657896060295 
6 9 26 0.7997893342677758 -0.5729264645558679 0.179143202502974 -66.35567278521921 
6 9 49 0.9829910438439525 -0.01994087047228738 0.1825677118424398 -75.74190749320869 
6 9 52 0.002267951611829476 0.9504401118870163 -0.3108994212147755 -6.992836503491811 
6 9 36 0.03091885924991009 0.9572838942256036 0.2874918607525223 -26.81361674822848 
6 9 33 -0.8882375362373339 -0.03945243742286246 -0.4576872124064926 49.499406966341 
6 9 18 0.7597853808931618 -0.0005314825419174648 0.6501737402474362 -72.32464059085103 
6 9 32 -0.6894035684691534 -0.7024819395229359 -0.1767536263449532 42.61699687935635 
6 9 34 0.02236910634351607 -0.003717795279553254 -0.9997428674812597 9.806737055515446 
6 9 53 0.6996824005117485 0.03592989179383275 -0.7135499851375521 -40.8979637234801 
6 10 50 0.7995157475762652 0.5110507869882484 -0.3155973106606863 -66.08210834871787 
6 10 53 -0.4930237190324203 0.367479048284543 -0.7885979720639201 46.49934310697924 
6 10 49 -0.1655749747712559 0.5106024150329797 0.8437239486301114 -4.70427607743412 
6 10 19 0.4046657598303891 0.202900125577748 0.8916709941797074 -51.77750077060543 
6 10 26 0.2345291620870873 -0.8143224616716268 0.5309190150557717 -35.63462821360037 
6 10 15 0.9293406186780925 -0.2774394984433695 -0.2436254074978877 -79.33851156783794 
6 10 46 0.6725450941204264 -0.303046371808634 -0.6751636786055438 -49.70623573199643 
6 10 23 0.8582808078270718 -0.4864548777815914 0.1634494013393935 -81.31640385925691 
6 10 27 0.7268056340585651 -0.6232722199401527 -0.2885919440171553 -61.89686520230185 
6 11 51 0.3619477511740735 0.4867185297510759 -0.795046475507553 -26.5800564637324 
6 11 47 0.7605653199838804 -0.2293979659741477 -0.6073853531694202 -66.25180021590516 
6 11 15 0.63257735473969 -0.1304173671512937 0.7634377516313043 -68.42184098965669 
6 11 46 -0.9238918758764757 -0.1212262373979649 -0.3629435232316168 88.10725221842608 
6 11 50 -0.4838787353265029 0.7054398439222688 0.5178957386441301 35.61643463882904 
6 11 27 0.3124670915070785 -0.9157571710798493 0.2524938025792685 -34.75300114818729 
6 12 29 0.05221873783246408 -0.9318967922811862 0.3589450820880825 38.71300613273318 
6 12 52 0.523217291672586 -0.4730708262127061 0.7088354245388924 -8.186587972004652 
6 13 25 -0.4360820438912063 -0.875640146918111 0.2075735631069067 18.30784872822831 
6 13 17 -0.6240481273109399 0.6422928271605542 0.4449987179507501 23.8357430835939 
6 13 26 0.3399600715397395 -0.769930713810435 -0.5400313376925912 -15.5177264345256 
6 13 24 -0.5769163544709526 0.06728874166988616 0.8140268700653741 4.288380559492978 
6 13 49 0.1243687420695883 0.1603223198446778 -0.9791982280190509 18.22364702200773 
6 13 14 0.6264572334505291 -0.3976754835687568 -0.6703771657998687 -30.13052163009114 
6 13 21 0.4922457663600366 -0.6251929406742111 0.6056631839824447 -67.83456681720527 
6 13 18 -0.2774828166363237 0.8105526566245355 -0.5157593211086741 36.81257604284657 
6 14 49 -0.4438507592379517 0.6034170443267841 -0.6624834897111185 53.88777982098193 
6 14 26 0.07154232057913039 -0.9309054878075735 -0.3581852441627048 -2.109448424812438 
6 14 21 0.08769590567791953 -0.3401353531942489 0.9362784679969699 -44.38794447954011 
6 14 22 0.6633036876078174 -0.7116047165178742 0.2316181025640848 -69.92941480353214 
6 14 18 -0.6532826862514438 0.6019243080899469 0.4592481455319512 38.34596940969981 
6 14 19 -0.1012444497771698 0.296626206984476 -0.9496117389329815 32.56480084194241 
6 14 23 0.5499016465620969 -0.3087454010212615 -0.7760698785911712 -32.6763992236214 
6 14 50 0.03791640640090647 0.2624644755319999 -0.9641964245989265 17.6395828361397 
6 15 23 0.3834956629276225 -0.5934708972263589 0.7076180966178323 -49.47527589495373 
6 15 51 -0.03177295706089504 0.4053851024184463 -0.9135936722289577 12.36736114052283 
6 15 47 0.3946815342008191 -0.1472056277062445 -0.9069492762732094 -28.16742515343504 
6 15 50 -0.715391020996353 0.6882692727311618 0.1204204936541675 62.44942753496501 
6 15 19 -0.650736852683853 0.3564370068034622 0.6704432927102054 46.92159066532305 
6 15 46 -0.7535647959571805 0.05009207927297214 -0.6554623420823832 77.51498175840354 
6 15 27 -0.06474116717657354 -0.9727858238548445 -0.2224776891727943 5.89592039177585 
6 16 33 -0.6359466367048432 0.6121252869077557 0.469972880485562 30.12783679414383 
6 16 29 -0.3756070245575032 0.9047561545189706 -0.2008374067824609 6.556655381483218 
6 16 35 0.814301427825408 0.4977562975080808 0.2985830754288473 -48.89001843534481 
6 16 42 0.8853396963813136 0.2948257328916855 -0.3595155201605686 -59.8441162949848 
6 16 30 0.7485799230988035 0.6285924838126256 -0.2109492546269444 -50.75423997128971 
6 16 32 -0.06458003948090819 0.2186761251594244 0.973658138560914 0.7712297164600073 
6 16 34 0.4711393998015234 0.7610366002554112 0.4459270781488219 -24.52102304580602 
6 17 25 -0.02979880791205882 -0.9978110427042437 -0.05903519377871074 2.420631476969664 
6 17 52 -0.2786156135822843 0.1460014240139275 -0.9492401824902233 44.40952707868263 
6 17 18 0.6162731758590115 -0.5271940334778205 -0.58504172823999 -18.19085448794731 
6 17 32 -0.5112203431843222 -0.5106635175001122 -0.6912861437993073 54.42979053547847 
6 18 49 0.2155207189964158 -0.03407093123415452 -0.9759047040198676 10.8968772032805 
6 18 52 -0.6119366128615927 0.4287218915421986 -0.6646285590854193 55.19691624611451 
6 18 36 -0.5518867077909758 0.7936658548608519 -0.2559600996085742 32.75414234478058 
6 18 21 0.4586632549722174 -0.6607925494080216 0.5941222308457562 -62.96305955014618 
6 18 22 0.701882989316604 -0.6957588907679955 -0.1525773090117812 -56.33570868880446 
6 18 23 0.6079407373807366 -0.4422282043149931 -0.6594257161661978 -35.92200654861274 
6 18 51 0.4117550169826606 -0.1455174469409173 -0.8996012886970574 -16.34378220612041 
6 18 50 0.3521295548573379 -0.1080598816201322 -0.9296923354423311 -6.215278451297898 
6 19 49 -0.6538329613017309 0.6037910171169079 0.4560031429325234 43.02757846824812 
6 19 26 0.1209425030119003 -0.9518037637779986 0.2818554704511734 -21.58725215483469 
6 19 23 0.7597667207566922 -0.6167019362024783 -0.2059933297821484 -66.19785020442005 
6 19 50 0.2442025218807238 0.2012919798732409 -0.9486024810982762 -5.326151609988038 
6 20 30 0.6214130164882686 -0.6740430727320461 -0.3993892825814088 -15.89395148893659 
6 20 29 -0.07687383670729751 -0.6739148381364276 -0.7347987507947004 28.00989479039043 
6 20 52 0.5817765709361735 -0.8051307611852085 0.1153277022361693 -2.241202807897013 
6 21 25 -0.8086140472820925 -0.5642636889880485 -0.1665827476891672 64.9162597215926 
6 21 26 -0.02614126076200315 -0.2927262922672795 -0.9558388736085304 33.80062546005206 
6 23 50 -0.6271574961733173 0.720270866072483 -0.2964512683069693 63.07647046811564 
6 23 27 -0.4375189001875047 -0.1496233059765824 -0.886673603017116 54.55228026025594 
6 24 33 -0.5176019808189322 -0.005763645863121523 -0.8556021095337962 53.41470807568698 
6 24 32 -0.3543191855722003 -0.2493228711173463 -0.9012746643910809 54.17865777952828 
6 25 26 0.7154369205015266 0.2706608023585296 -0.6441216832632862 -31.03546315403005 
6 25 32 -0.5572025845263039 0.3859804913383989 -0.7352172060713592 60.05780512704706 
6 26 49 -0.2827431949440333 0.9534743536591147 -0.104608520815343 29.83834911503401 
6 26 27 0.3067452529611435 0.4443472801989161 -0.8417023490317881 -8.056088140378847 
6 27 46 -0.5162092612564125 0.7945481051517772 -0.3197206705748458 53.69370751258964 
6 27 38 -0.4144342830193592 0.004731830235898322 -0.9100669397581962 40.53888576495711 
6 27 37 -0.5850990099259554 -0.2866864729836156 -0.7585973996738201 47.13563236061341 
6 27 47 0.4316574330470563 0.5162012982470918 -0.7397351419144849 -31.67272996777257 
6 27 39 -0.2431806857714758 0.159366926288777 -0.9567995280480557 27.49755883109317 
6 27 44 -0.0595619401802761 0.1810146541253738 -0.9816751347945166 9.441947917191385 
6 28 29 0.6059108910343721 0.5231440468308507 -0.5993265373662122 -30.1393665939371 
6 28 33 0.9467916838462034 -0.304758934806298 0.1034770460314809 -22.53378283258543 
6 28 32 0.8457025098478653 -0.4231766838832666 0.3251288345480648 -30.52665108385685 
6 29 45 -0.9736768340963194 -0.2223502025744094 -0.05013791139733825 32.28403291216994 
6 29 33 -0.02406299026412128 -0.7309874730764993 0.6819664850304472 16.74117734226741 
6 29 52 0.6356165657249006 -0.2109700436335923 0.7426191635457056 -26.19759622797877 
6 29 30 0.9186822825357346 -0.3935375663497211 0.03392709280901569 -44.2328761915406 
6 29 42 0.8005850135174706 -0.5985532557280281 -0.0282424536577314 -38.29432507663645 
6 29 34 0.6858406349298595 -0.5472078270484415 0.479777258210443 -21.46900461546923 
6 30 36 -0.2902152020948039 0.4364334535162654 0.8516460398105178 6.107785641716992 
6 30 41 0.2694321368614602 -0.3621861978868625 0.8923157970620748 -6.566430277128955 
6 30 52 -0.4319415870785146 0.260017625466123 0.8636071443654534 26.18622720083966 
6 30 34 -0.6318211584769775 -0.1647101445908253 0.7574117717395733 50.26908037283751 
6 31 41 -0.9076284419739781 0.08844542079678204 -0.4103510921881036 71.3288793034514 
6 31 39 0.1758717577849692 -0.9390041724225914 0.2955339049696149 -11.82342006121378 
6 31 52 -0.7068103253133962 0.327296757026869 0.6271331572083124 46.00551720275485 
6 31 38 -0.1561234865063861 -0.9825141268737636 0.1014467715335305 15.24459367339281 
6 31 35 -0.8080258137744433 -0.3234692690960157 0.4924042203562417 68.77720858321105 
6 31 53 -0.6703773220277306 -0.03461617007491856 0.7412124977901227 56.43701942711409 
6 31 50 0.05321715861034992 -0.1682675243707263 0.9843038018170954 -7.667904289605008 
6 32 33 -0.7022428750374048 0.5030594644817575 -0.5037718924816345 35.79607715110977 
6 32 37 0.6471519716823932 -0.2337879896914479 -0.7256290384374253 -41.24130119932821 
6 32 36 0.3153855986726097 0.9128043937023139 0.2594611011070267 -35.40514633588716 
6 32 34 0.5655009206860698 0.5563529075460124 -0.6088350769858005 -26.56872394855338 
6 33 45 -0.4678001438248483 0.5778007539718287 -0.6688118675285581 0.4654682747203767 
6 33 52 0.848893594265157 0.4288557339479048 0.3089699420260602 -50.13302707254036 
6 33 34 0.9957618560243844 0.04145540248157698 -0.08209613688818494 -48.9859970231285 
6 34 35 0.9436584272894656 -0.2919972579243313 -0.155712472108833 -63.57306718418906 
6 34 52 -0.01907449566071757 0.7190044506059132 0.6947436675668071 -14.3755618107959 
6 34 41 0.7567942912492983 0.1040958473723659 -0.6453111306124367 -57.00748185893001 
6 34 42 0.5337271412484116 -0.3476402460480905 -0.7708966195427381 -42.44737761917599 
6 34 53 0.9936659007718399 0.05655812400872625 0.09710435753302528 -70.71538122260534 
6 35 37 0.00856081226178846 -0.8213096375695454 -0.5704184356494802 -8.334918600659378 
6 35 42 0.1185718951157664 -0.2856147988553689 -0.9509810157744806 -16.84195013264119 
6 35 41 0.2907322175268358 0.4333261724816366 -0.8530552185728328 -28.90384519527935 
6 35 38 0.7065867989457183 -0.5659556111507088 -0.4247697514685702 -58.3385756409245 
6 35 53 0.4157125721013463 0.7277120168363296 0.5455440201751686 -36.88255386902281 
6 36 52 -0.04582293861584853 -0.7242591397219961 -0.6880036023348733 35.77341673661159 
6 36 49 0.6140363744864338 -0.781277939845168 -0.1120897476080934 -27.70446105456065 
6 36 53 0.389011229619625 -0.6737360034944566 -0.6282913821031967 -4.587170050332224 
6 36 50 0.6416332729152843 -0.7000646102880754 -0.3133947742229049 -29.87269278846037 
6 37 38 0.6857416399856477 0.6121056494598651 0.393808426889409 -45.74025869485067 
6 38 39 0.7849233761185314 0.4880468017784316 0.3817140459775236 -65.00303442941315 
6 38 43 0.1308812029461512 0.3024850420837307 -0.9441254736691368 -18.16333529269318 
6 38 42 -0.5405091615065951 0.1846316021345908 -0.8208294693909641 35.44147598053043 
6 38 44 0.8932903357139165 0.4319121017457984 -0.1244359774568652 -78.51490043719687 
6 38 41 -0.3935630729176777 0.8618336034133579 -0.3199233465427956 28.47386411821309 
6 39 44 0.6839915834983323 0.1965039001146417 -0.7025252528864561 -65.04923511071028 
6 39 48 0.7491998086637971 0.4447007792872383 0.4908572741637358 -67.48340064585928 
6 39 43 -0.3294141106457933 -0.03294035986204559 -0.9436107653050595 21.58642998430622 
6 39 47 0.5543608842248845 0.08005838448656784 0.8284169633190795 -53.17617144269753 
6 41 43 0.5257798489570891 -0.8413092338107528 -0.1255162281755815 -42.61562141192421 
6 41 52 -0.5003792489016616 0.3291143994708153 0.8008147846597073 28.97263411412742 
6 41 42 -0.119531322747481 -0.8457311597356533 -0.5200491018494547 4.586276247148854 
6 41 53 -0.09027363649231636 -0.09003082592448805 0.9918392616436433 10.80586263984141 
6 46 50 -0.2629629756922804 0.7443582968029198 0.6138250560181766 14.41274020688083 
6 46 51 0.602365350554156 0.4865032103446403 -0.6328274731521439 -50.08151153920647 
6 49 52 -0.8032237142781261 0.5084291017923743 -0.3103731838800685 58.36017442695022 
6 49 53 -0.3004798430829484 0.05934673657409256 -0.9519400342242424 36.9791018027929 
6 49 50 0.5010399075125805 -0.1914972106984019 -0.8439714624171344 -26.14547090668684 
6 50 53 -0.7160701938804473 0.2023458023345943 -0.6680566246311669 64.74469350067146 
6 50 52 -0.8635718646551286 0.5038450964633816 0.01958962342338365 59.2519262062055 
6 50 51 0.5433629715189736 -0.2308573323498404 -0.8071316951293551 -39.96080141742689 
6 52 53 0.6737134333976447 -0.5452904028969771 -0.4987670660418643 -35.19388967561396 
62
6 4 45 -0.1956380725105773 0.9668770356508818 0.1639345677863878 -4.626562747644767 
6 4 28 -0.2917270152728789 0.3897549541303544 0.8734909411612823 11.4275092011235 
6 4 12 0.2332719485793306 0.9719529730366384 -0.02985994325583845 -29.42035254528602 
6 4 25 0.5682516018776785 -0.2473658187577673 0.7847931375042418 -37.65063516202159 
6 4 16 0.8397677655201913 -0.3534075895847375 0.4121809986124187 -28.40967177018316 
6 4 42 0.9959362193347189 -0.06264732182431267 0.06470208718046011 -49.65940189264106 
6 5 20 0.2262152991633014 0.7443055349579107 -0.6283596971922023 -34.71277303505516 
6 5 28 -0.4819245242745904 -0.7861165236732534 -0.387000728824364 38.18045512621895 
6 5 24 0.5005201956150338 -0.5973539714235419 0.6266161237998992 -35.20010818366219 
6 12 45 -0.5971143452230032 -0.774178453693077 0.2100051917603475 47.13015073565553 
6 12 20 0.1083777002208732 0.2411669705256359 0.9644131720493668 -10.03350045094772 
6 12 30 0.7736287858091592 -0.6177579232331485 0.1409739339385598 -24.26876340520257 
6 12 42 0.6659628118600927 -0.7421833489787409 0.07521575445409817 -20.57994150354426 
6 16 37 0.9756050771716375 -0.1500678275407929 -0.1602322705765288 -65.63739544893498 
6 16 25 0.3375477986230082 -0.1544538874344568 0.9285502034360582 -39.20669320413648 
6 17 24 -0.2573487785549835 -0.5416094371083727 0.8002692195826413 -17.35548398753726 
6 17 36 -0.3055326426667614 0.6628183507442946 -0.6836092730366362 29.57321921442386 
6 17 21 0.6607744164458109 -0.7472468679549988 0.07070564971869434 -53.01249130958242 
6 20 45 -0.4361205915838724 -0.6439529676816468 -0.6285884225870956 35.57676090828935 
6 20 31 0.713329728399151 -0.6543682574673164 -0.2509240566410112 -24.88047877018103 
6 20 36 0.681380951961073 -0.5765354447764234 0.4509178186998976 -19.1851956268834 
6 21 24 -0.8109831197129213 0.4135563059263473 0.4138569334555735 42.08079444628451 
6 21 40 -0.3980386961670606 -0.6612889985982112 0.6358160557005473 -5.89336309750308 
6 21 22 0.3097366304133717 -0.0448699948619164 -0.9497630774784108 8.396586241937968 
6 21 36 -0.5258247900715112 0.7566382299699536 -0.3885960358703969 44.76971308804552 
6 22 26 -0.4994825427832701 -0.556119632263239 -0.6642651157980213 59.60407585730987 
6 22 36 -0.6225372469693328 0.7753831582098568 -0.1059638339262598 42.55864592122742 
6 22 23 0.1565209425712222 0.1322614898977177 -0.9787788784126128 10.50368388428599 
6 23 26 -0.580188948732398 -0.599142709653492 0.5517325413983356 36.70002320023421 
6 23 36 -0.6609398187122765 0.7300277190152814 0.1738334993892972 39.14529025678371 
6 23 51 -0.2023867598820413 0.5067540197793357 -0.8379975912029424 30.60286742839235 
6 23 47 0.0292509942896972 0.2447815122040514 -0.9691369307874723 10.46102123163729 
6 24 25 0.1121639308874927 -0.8442679911410121 -0.5240522986712163 12.68258635518563 
6 24 28 -0.6773888866078676 0.0761721295291812 -0.7316707613285797 49.94546263686133 
6 24 36 -0.08355207932728662 0.6414101448121291 -0.7626349560387135 25.76913096746036 
6 25 40 0.6465923993801773 0.1198505403850629 0.7533618765461879 -84.60802782499483 
6 25 28 -0.7350621529066391 0.4192810726081233 -0.5328104855545152 45.71696267904972 
6 25 37 0.09149427372928223 0.08772066167846457 -0.99193441486292 10.2226020512359 
6 26 40 -0.188745109709819 -0.1462497099081273 0.9710748199353215 -25.74105334041348 
6 26 37 -0.3538107775639171 -0.06075765498466221 -0.9333415457593116 34.88099406608087 
6 26 44 0.103058884916505 0.3043258378135292 -0.9469765840182428 1.862538003150917 
6 26 47 0.3483833037617919 0.4692176844090706 -0.8114578475175459 -15.75717244426482 
6 28 45 0.1335332247275672 0.5412942635617543 -0.8301622721667103 -17.76818411167922 
6 30 31 0.76418194750593 -0.1922636205465168 0.615679016469125 -54.93336436132853 
6 30 43 0.5334775553028008 -0.8345233066902651 0.1377408747572512 -39.00759051112563 
6 30 42 -0.02993714034846411 -0.9740599048605012 -0.2243012915052155 2.415862009834715 
6 31 48 0.5605100453471692 -0.632905348804171 0.5340967220644448 -46.76888133747527 
6 31 36 -0.5029957095883275 0.4985923567678299 0.7059751963832979 21.053402324451 
6 31 44 0.4445092989845051 -0.8950660667620335 0.03561206603732802 -37.20681866571019 
6 31 43 -0.09149120275270919 -0.8867363595565319 -0.4531313148076302 5.721472121101765 
6 31 51 0.3791314337624158 -0.3552627373860825 0.854428313762016 -32.88743706034241 
6 36 51 0.6469860430492181 -0.6341391591725677 -0.4234106598840233 -33.02896789489382 
6 37 43 0.6994653831382052 0.7108885257555393 -0.07338720420100371 -51.05240256448725 
6 37 44 0.7889797859175671 0.5724481634935317 0.2231904960484491 -59.45424293669583 
6 37 42 0.1557365153878268 0.8692136601947773 -0.4692693796804301 -11.05726319044745 
6 42 43 0.8646991904352852 -0.04833443518259422 0.4999590907625763 -63.51619929508026 
6 43 44 0.7017377008841734 0.1332314337654948 0.6998668332008489 -55.9415432125371 
6 44 47 0.2961283552305574 0.01372414757651561 0.9550495510714315 -28.57251300763276 
6 44 48 0.2932893001855481 0.3041170316554946 0.9063631818723233 -24.28291862479414 
6 47 48 -0.2782335774748845 0.2356579384029079 -0.931155954946978 30.28142584387677 
6 47 51 -0.605227135436772 0.7951972163212803 -0.0368985322998926 57.80844196874717 
6 48 51 -0.1016829389830415 0.2705183691717895 0.9573298239689425 5.806414734524557 
3
231
-125.3798526550294 110.4449545573371 30.44303630263927 
124.2706654796255 109.2915221284203 -30.89150442770305 
23.74613624777816 41.82375177840382 -2.7234786637665 
24.24903866129411 39.06230785057525 -0.2434553952753529 
25.87664127557273 31.18301053115911 3.091434108864561 
31.35606143092314 20.96216277119724 -57.99162288895871 
57.63309939839748 -1.610379700431387 39.13070016025726 
100.7938212984568 76.45726414400308 -12.00545036612301 
61.09527695251964 175.6881770095587 174.8578025994806 
35.77153078504864 20.21060992406759 46.86860357601118 
63.06664851657121 -1.663087989916905 37.27891707689393 
71.09491064216695 -7.997640051150329 27.42309964853941 
65.72127547441869 -1.990588293344568 41.47435855172753 
86.57216870435307 5.894773239832713 -16.38869184051683 
71.96946578465761 -7.034155012763454 26.5999939072253 
72.17805057070491 -6.968210152090338 26.63728345642554 
28.6668047082179 12.09543946600283 -8.905513399029843 
29.72215172668682 16.38035052573442 -5.941849848449055 
30.76844501812204 12.68374902111778 -9.867251618633944 
31.80225770410474 26.57939806610461 5.06371966846078 
21.96128073231112 10.94830820142609 49.07000932819742 
44.27916300899557 7.916750816955545 -14.50018852286322 
81.5191199971861 6.062652070935293 52.00489848268573 
74.18181988694334 -5.895891322699956 49.57677556795687 
73.72052924692733 -4.579694329847566 47.35760170779838 
88.43303859767872 -23.53598972623851 40.1516180238706 
94.40048824972065 -26.43204127783633 40.8753318155732 
79.99565211580543 -10.3179066867633 36.33432557051042 
80.50549163066908 -10.01874808023868 36.22876443444602 
82.24710806442593 -9.846246515667234 36.12830420479767 
90.49911433429675 3.232691970245693 -3.577616607586468 
86.98146412512574 1.328291686668721 -7.53514725640398 
98.61771631301897 -13.88486327762041 -0.4611605832800594 
84.72458961905508 45.6340489438679 -1.685732398691787 
83.07744011809271 40.95772073566737 -1.101606398476786 
66.99714491821003 16.92003338230158 29.72211451605308 
76.77824550346176 51.62607866428905 -7.464274020246449 
39.33162616471455 17.41748654087894 31.04104710282189 
39.16885860319918 17.28850803611793 30.64556391739444 
43.85157505496694 26.33346312425395 5.225263156061283 
70.38106566123541 46.75531149104989 -9.197379992168077 
63.83419902082542 42.28996642527407 -7.345032737091703 
66.29689116063336 41.53326760696929 -9.667850121471673 
49.68318877690336 33.43941820357697 2.252640388170052 
54.15396679123386 37.60773832390811 8.799626360418076 
63.93907363050113 -0.2898244847596265 36.52025862018745 
71.93451077901973 -3.499596139543952 27.17426104947648 
70.76635117841252 16.52950248160425 28.55573133616787 
72.4330744370605 15.88823543512839 26.60749395015288 
78.20713975663581 -0.5366114729575111 28.45607663585261 
71.77620506658812 17.81884749677051 28.45763724560937 
74.35614694457183 19.11678300351143 26.91947353797369 
101.2727346044159 23.73760653357498 54.19526374038691 
108.4893867346209 20.06147977034695 44.53534860189335 
134.803744914329 43.89542516813562 50.72913192726764 
270.7885124658113 177.4283571317832 94.2662175427336 
289.6789651333984 190.5773403605092 94.30727583032586 
306.124691042569 -763.466090336427 -28.9741860489606 
70.25749607018619 -9.678301969690812 25.78675261456479 
68.88621070563461 -35.17769283399061 13.54876408824677 
65.50030468798207 -5.565760007363767 -5.615124362244186 
88.76331270664443 3.62854916772807 -1.286880985863835 
93.60833667528527 9.913449209142792 1.076103463210634 
77.51831060838897 -5.644909696803282 24.2647316159956 
52.0504957171685 -30.99174957860196 -63.69380518852052 
52.37031568943823 7.545919237321108 -31.30286483485634 
52.63737373224248 7.859936490406536 -30.38769585086616 
55.86850073930783 14.45014504600546 -78.46421727168347 
58.16124270082702 17.19611800938181 -71.668639266643 
83.04237317388103 3.664838238049584 -16.22799909799165 
65.3348972720068 -3.569561282761599 -8.49180781127458 
66.60604097100261 -11.08747022398871 25.38732716542664 
54.05140779249952 -2.318903736994294 39.5055626611526 
36.81929460236981 15.6385890286218 35.34760541514401 
25.8952950777887 11.74249901724403 46.68475217459898 
-5.83660691005219 -29.56836758930733 70.58752720071669 
20.87428817080409 7.801829563159766 49.7487882665462 
63.0794742740914 -40.67477383098043 12.52703251032029 
65.05970762382952 -36.81861762185734 13.05070078774403 
63.80204869338799 -34.5627255509979 11.20223985564755 
43.4699391152033 7.717456367290396 40.88907347799326 
34.37143672734182 14.53795209948194 42.57920018163176 
-65.5283372462401 -171.2504047766309 41.44496125927463 
-53.98254568007836 -169.3904063745897 33.67117446979067 
6.144017537347985 -50.88779146611685 11.67571985571352 
7.588765132448174 -49.67908119098598 10.86878606835374 
36.36878632330167 15.3620176919146 38.20394502571418 
36.51297259507231 14.51360027733119 41.01347935271853 
35.02222935019807 14.76891927615854 41.92730668874269 
72.64513429687064 -8.754691639061512 -0.9163529690367778 
75.60818150674055 -25.57909363249848 10.37576262058763 
64.98088523670222 -4.77456404939822 -5.517525963087359 
49.64194672428358 10.79792991776824 10.87983610767473 
69.04712509593654 25.03952479461115 -3.326304329843984 
61.32577656475012 30.01326407870485 -8.685722032074128 
48.30639025938452 21.29391872372462 -0.01934597124460913 
49.38597131541989 0.2207173349503959 2.433967894350506 
55.18240230313629 -4.170923410834822 3.804757774860647 
49.7115726466548 9.140799014438802 10.88755643593396 
57.74790385019298 1.201411449061201 11.0968928280445 
59.90820000112004 4.203810749054336 -15.48088134756614 
65.02476206464345 -2.922411422535463 -8.724839693889482 
53.40649615910401 10.59272089687204 -19.51514098455863 
47.77014682808837 9.854403282246407 -12.30007572862896 
65.39825529737509 3.038822676299012 -11.15450583329816 
66.39827113465266 2.254164047633244 -10.10830263001415 
217.4745415262885 124.7421811051883 62.3650470822232 
91.69327965331794 -4.74359489800061 24.75350464620019 
89.93855283444105 -4.337951207903177 23.34877574122456 
251.2735674261001 156.7062212387191 72.08927302636597 
239.093952962677 146.7656124439512 67.5270211349942 
90.66939290193247 3.968421241916389 2.443864915126732 
90.05235550927134 3.542820576893728 3.683233442901859 
95.2486677577816 -0.01472683816354259 4.055795108786837 
94.88374639909962 -0.2589815956303412 4.777493336443402 
88.5707264687013 1.871366834315185 0.5990153313780162 
95.59277230737206 -10.68126003302252 1.253477571534799 
72.40134653666111 -2.150109285158 4.023562528414348 
66.6292683790728 5.559220390826951 11.27940650435495 
69.15682536886348 3.155676424650073 4.918713359680589 
69.38862370794162 10.89521898312145 11.32130343983237 
72.2822216961377 -7.127278338738492 24.9058650990474 
71.91810277252578 -7.666812672124814 24.80597257522495 
74.87624995171805 -11.05453821707425 19.24332013810361 
74.98960447006044 -8.254052318851885 -1.60200635115981 
85.46589269803265 1.212226028693387 -7.00201020793597 
79.15966089426392 -7.162825509907856 -10.55947700161214 
74.74327222040191 -4.475108536597697 -7.046766825645458 
87.75723177922173 -1.933176307126203 -7.692113335950317 
99.00230315046701 -27.06076823887452 -14.1837846292107 
82.46148200282225 2.105372762948456 -2.975561608648211 
82.95000447778247 2.037259582283462 -2.883418017910405 
82.06127484987853 1.721336261461276 -7.310869843108239 
81.12970642640992 2.090324639110637 -5.170864989136146 
78.35196169008566 -0.4178483849690275 -8.510446337805083 
77.30127588636567 -0.6611364972939437 -7.873302267911049 
135.9793659925386 31.86207493341 22.94598324293684 
74.30225888503689 12.4695306968351 16.16992259215149 
74.29885553106944 12.10157691500952 16.14805754167874 
70.39410200074487 11.20446327185878 12.27401847334841 
70.24746932183281 6.223031627137081 5.776294306005346 
69.44160975975349 10.94257745084668 11.27374594719818 
76.61810474364553 2.671973910669564 5.658602860412545 
70.76385426706376 12.73112689536524 -3.298476315789847 
70.0221048690254 24.1060537163526 -2.333467490255898 
80.58430114709579 6.851154356456795 -2.938389070244616 
81.19937466146044 6.108743974537743 -2.416768168658659 
82.22238637730392 37.0862660688788 -0.04480731663693938 
87.59099067524384 39.18818104910926 4.908901410165829 
88.89935011920538 38.85463974992013 6.076648285095033 
87.37793646104637 31.74670888898099 12.75670478912355 
86.22227735319811 29.6582400104086 13.47896372596076 
87.34909927214728 31.61350511096901 12.86338131983165 
86.97298671224016 30.9388980920138 13.63405534121825 
87.36916801251819 31.6479864730829 12.86121355600249 
153.9600162188759 79.46059685885938 42.39261671109554 
222.3280089181179 133.3330553373226 62.02592834985522 
114.9794913102996 57.59884700382744 11.42029303838708 
101.0602678189805 45.43536442624958 10.09348969334857 
102.1842850846788 37.2353849509579 8.630925748507639 
118.7455455895178 33.16358253159294 31.99166550504165 
145.3159344474952 62.6743898464978 41.06968322351903 
116.9616210853333 26.68004178247515 30.15662537871808 
107.2679384757725 16.30641143122369 25.45987366214626 
206.7157690649115 116.3277546221516 58.0892063310617 
220.0623038781681 129.4039591434959 61.62445785972911 
179.5103332219078 87.76060673501756 46.23568536502545 
81.94298849916802 8.265231029026879 11.58613859603821 
77.41085871511683 9.521285316760173 15.00489087670213 
80.59323500120227 11.96171581155751 14.15251750001883 
85.004733378049 7.326898017250518 17.82312907444331 
76.36075282061863 -9.071901231302892 19.47255909536231 
77.45478562120121 -5.670083513934471 24.20697980825605 
73.27929154915398 -6.915494219535529 24.14126209129549 
89.80473625927111 -0.4367651371005374 17.41137565131621 
89.25232584346409 -0.6933891283957725 15.59637691740683 
87.76788870168595 -5.740853826246726 19.54270294362144 
89.09740319250841 -3.750057881471501 18.48632481202674 
94.56950762744673 -0.2813947936587512 9.448760950253105 
95.64754663684619 0.586532100035152 10.47087716835394 
91.34003456214687 2.214970741713419 9.506778753055924 
94.14902092830702 4.945501725073833 12.45718026571436 
90.73989244159124 4.118284374451143 10.39874915215569 
89.35567552699511 -0.5668700188324396 15.48722788881549 
81.47982387311046 6.304169500472687 10.96186882219017 
80.40087910203216 2.201641957169417 3.403458274014662 
80.24932743067041 2.120995641062025 3.626518602700719 
83.63616213836319 -6.131651644547905 12.44295250989526 
79.88668852132952 4.084842309663161 9.751286156558598 
80.24689226609888 3.306270550924064 11.33765242960592 
80.21783052185388 4.982926511102263 11.1351682015768 
82.24489022851687 -0.04431946223122507 -0.4716415792066169 
81.41253031298031 -1.680740365634977 0.3241002621730065 
83.007993013232 6.21047353031089 10.9568634094433 
86.15665198822292 1.607558429731555 11.47993202912146 
83.06235624844629 -0.06682861665217155 -0.4242316324473663 
87.07790875018505 0.5835767818140134 1.189055860893554 
88.76935757316129 2.508092262224712 4.862691040532166 
88.44496887895134 -0.8124194952585477 7.360517605620768 
88.69317140683296 4.711401108800731 8.851247328205554 
88.7007464155254 4.65699432249939 8.871908373832062 
85.36432668027443 -6.346478285071062 2.871147584379582 
84.69001155063836 -10.28024746158315 4.842377305067599 
88.79282020310296 4.268871670221863 8.05925993915921 
88.77285819800522 4.25191579102402 8.629133884117412 
82.40582606327924 -10.19634590506399 15.07752623547909 
83.59208578226514 -7.95092240958242 13.21562450655575 
87.70550512337761 -5.948858163114417 19.25122377090511 
84.92863230061758 -13.03740002643623 5.801615172831283 
85.05331554227372 -11.00134562552233 6.862349189910402 
84.37375716728747 -8.509121365595755 10.56636842473025 
86.2199720792935 -8.35596003767715 7.966163716438373 
88.9624593569899 -4.047351838425318 18.31012109944627 
88.55724354078822 -3.532876487121044 16.17849079828875 
81.72113558195971 -23.30047548010068 7.910135176307512 
82.37610932119682 -22.01022178341065 6.917351957913806 
1610.809019615619 -1881.506360626295 -415.8124334215585 
90.13805891017128 -3.227770421071671 14.38439319949777 
94.77016924308808 -14.74359950124825 2.196533220727042 
90.54255989347671 -14.95926526677339 3.235102870402944 
99.72363374069991 -3.529133167033796 12.91269553536667 
94.78707802613417 -2.677675898501026 10.62623173962584 
2687.487123954503 -3269.90822918473 -756.3920896071819 
1430.213113282554 -1714.029893690996 -393.2144501439536 
108.1122534978045 -43.23119629601135 -4.912936604386699 
101.1015503364191 -24.72697936413381 -1.075510783375854 
101.4555590808273 -28.56834983844311 -1.805314126701056 
92.81216157184747 -4.268499565970208 8.363702200691153 
93.00408949294874 -3.786205486420521 8.812251857118618 
92.20061368533013 -4.236255351068495 8.548049669898219 
92.45859562576292 -3.994101517465699 8.733305764380743 
300
7 0 39 62 132 196 197 116
6 0 48 62 63 112 116
10 0 31 62 63 160 159 150 147 131 132
8 0 51 63 160 200 204 113 112
7 0 3 112 116 197 198 113
5 0 6 113 204 198
6 0 38 131 132 196 192
6 0 35 131 147 186 192
9 0 53 147 150 151 153 168 185 186
6 0 36 150 159 155 151
5 0 52 151 155 153
9 0 50 153 155 159 160 200 194 168
5 0 10 168 185 194
11 0 7 185 186 192 196 197 198 204 200 194
7 1 26 59 123 124 91 60
6 1 25 59 72 79 60
7 1 9 59 72 100 119 123
8 1 37 60 79 80 61 90 91
6 1 16 61 92 98 80
7 1 35 61 92 120 118 90
7 1 32 72 100 98 80 79
6 1 2 90 118 124 91
7 1 34 92 120 119 100 98
7 1 8 118 120 119 123 124
7 2 37 90 125 216 215 91
8 2 35 90 125 193 187 143 118
7 2 26 91 215 206 172 124
8 2 8 118 143 189 190 172 124
7 2 38 125 193 203 209 216
5 2 53 143 187 189
7 2 10 172 206 207 188 190
10 2 7 187 193 203 210 211 188 190 189
5 2 46 188 207 211
5 2 3 203 209 210
9 2 27 206 215 216 209 210 211 207
6 3 51 112 114 115 113
6 3 48 112 114 117 116
8 3 6 113 115 228 230 199 198
7 3 47 114 117 219 228 115
8 3 39 116 117 219 220 202 197
9 3 7 197 202 203 210 212 199 198
5 3 46 199 230 212
6 3 38 202 220 209 203
9 3 27 209 210 212 230 228 219 220
6 4 45 0 17 19 6
6 4 28 0 83 85 17
5 4 12 0 68 6
5 4 25 0 83 84
7 4 29 6 68 66 22 19
7 4 33 17 85 86 22 19
8 4 16 22 66 65 0 84 86
6 4 42 65 66 68 0
6 4 32 83 85 86 84
5 5 45 1 5 4
8 5 20 1 0 9 45 44 4
7 5 28 1 0 21 20 5
7 5 29 4 44 40 20 5
8 5 24 0 21 75 82 10 9
8 5 36 9 45 38 87 89 10
5 5 17 10 82 89
8 5 33 20 21 75 74 39 40
7 5 52 38 39 40 44 45
6 5 9 38 87 74 39
7 5 32 74 87 89 82 75
8 6 51 113 204 205 181 179 115
6 6 47 115 179 229 228
6 6 11 179 229 231 181
7 6 46 181 205 199 230 231
6 6 7 198 204 205 199
6 6 27 228 229 231 230
8 7 10 185 194 195 188 190 191
7 7 53 185 186 187 189 191
6 7 35 186 192 193 187
9 7 46 188 211 212 199 205 201 195
5 7 8 189 190 191
7 7 38 192 193 203 202 196
6 7 50 194 200 201 195
5 7 39 196 197 202
6 7 51 200 204 205 201
5 7 27 210 211 212
6 8 35 118 120 141 143
7 8 34 119 121 142 141 120
8 8 9 119 123 122 139 140 121
5 8 52 121 140 142
6 8 49 122 139 169 174
7 8 26 122 123 124 172 174
10 8 53 139 140 142 141 143 189 191 169
7 8 10 169 174 172 190 191
5 9 24 7 81 73
8 9 25 7 11 12 59 72 73
9 9 17 7 11 46 48 36 88 81
7 9 13 11 46 47 15 12
7 9 26 12 59 123 122 15
8 9 49 15 122 139 138 49 47
11 9 52 36 48 49 138 140 121 93 39 38
6 9 36 36 88 87 38
6 9 33 39 74 99 93
6 9 18 46 48 49 47
10 9 32 72 73 81 88 87 74 99 100
7 9 34 93 99 100 119 121
5 9 53 138 139 140
9 10 50 168 194 195 176 175 171 170
7 10 53 168 185 191 169 170
7 10 49 169 174 173 171 170
7 10 19 171 173 177 178 175
8 10 26 172 206 208 177 173 174
7 10 15 175 178 213 214 176
7 10 46 176 214 207 188 195
6 10 23 177 208 213 178
7 10 27 206 208 213 214 207
7 11 51 179 180 182 183 181
6 11 47 179 180 222 229
7 11 15 180 222 218 184 182
7 11 46 181 183 184 218 231
5 11 50 182 183 184
6 11 27 218 222 229 231
5 12 45 0 3 6
7 12 20 0 2 41 42 3
7 12 30 2 41 43 69 0
8 12 29 3 42 43 69 68 6
5 12 52 41 42 43
5 12 42 68 0 69
7 13 25 11 12 28 25 13
7 13 17 11 46 53 23 13
7 13 26 12 15 16 29 28
5 13 24 13 23 25
6 13 49 15 47 50 16
6 13 14 16 29 54 50
8 13 21 23 53 54 29 28 25
7 13 18 46 47 50 54 53
7 14 49 16 64 161 162 50
8 14 26 16 29 30 108 109 64
6 14 21 29 30 55 54
6 14 22 30 108 107 55
8 14 18 50 54 55 107 165 162
6 14 19 64 109 163 161
7 14 23 107 108 109 163 165
6 14 50 161 162 165 163
8 15 23 137 221 213 178 164 167
6 15 51 137 180 182 167
6 15 47 137 180 222 221
8 15 50 164 175 176 184 182 167
5 15 19 164 178 175
6 15 46 176 184 218 214
7 15 27 213 221 222 218 214
6 16 33 22 86 97 104
7 16 29 22 66 67 103 104
8 16 37 0 65 71 61 80 78
5 16 25 0 84 78
6 16 35 61 71 102 92
8 16 42 65 66 67 101 102 71
5 16 30 67 103 101
8 16 32 78 84 86 97 98 80
9 16 34 92 102 101 103 104 97 98
9 17 24 7 81 82 10 0 23 13
5 17 25 7 11 13
9 17 36 0 56 51 36 88 89 10
6 17 21 23 0 56 53
5 17 52 36 48 51
7 17 18 46 48 51 56 53
6 17 32 81 88 89 82
8 18 49 47 49 52 156 162 50
6 18 52 48 49 52 51
10 18 36 51 56 57 110 111 157 156 52
7 18 21 53 56 57 55 54
6 18 22 55 107 110 57
7 18 23 107 165 166 111 110
5 18 51 111 157 166
7 18 50 156 157 166 165 162
6 19 49 64 161 171 173
6 19 26 64 109 177 173
7 19 23 109 163 164 178 177
7 19 50 161 163 164 175 171
6 20 45 0 1 4 3
5 20 31 2 0 8
6 20 30 2 41 37 8
6 20 29 3 42 44 4
7 20 36 8 37 45 9 0
7 20 52 37 41 42 44 45
6 21 24 23 0 24 25
6 21 40 0 27 26 24
6 21 25 24 26 28 25
7 21 22 0 57 55 30 27
5 21 36 0 57 56
7 21 26 26 27 30 29 28
6 22 26 27 0 108 30
5 22 36 57 0 110
6 22 23 107 108 0 110
8 23 26 108 109 177 208 217 0
5 23 36 110 0 111
7 23 51 111 0 137 167 166
6 23 47 0 217 221 137
7 23 50 163 165 166 167 164
6 23 27 208 217 221 213
9 24 25 7 73 76 0 24 25 13
6 24 28 0 21 77 76
5 24 36 9 0 10
5 24 33 21 77 75
8 24 32 73 81 82 75 77 76
6 25 40 0 24 26 58
5 25 28 0 76 83
8 25 26 12 59 60 58 26 28
7 25 37 0 58 60 79 78
9 25 32 72 73 76 83 84 78 79
8 26 49 15 122 174 173 64 16
6 26 40 26 58 0 27
8 26 37 58 0 224 215 91 60
5 26 44 0 223 224
5 26 47 0 223 217
8 26 27 206 215 224 223 217 208
9 27 46 207 211 212 230 231 218 214
7 27 38 209 216 225 227 220
6 27 37 215 224 225 216
10 27 47 217 223 226 219 228 229 222 221
6 27 39 219 226 227 220
7 27 44 223 226 227 225 224
7 28 45 0 1 5 18 17
5 28 29 5 18 20
8 28 33 17 85 77 21 20 18
6 28 32 76 83 85 77
8 29 45 3 4 5 18 19 6
9 29 33 18 20 40 96 104 22 19
8 29 52 40 44 42 43 95 96
7 29 30 43 69 67 103 95
6 29 42 66 68 69 67
6 29 34 95 103 104 96
8 30 31 2 8 34 35 14 0
5 30 36 8 37 34
5 30 43 0 70 14
7 30 41 14 35 94 105 70
9 30 52 34 35 94 95 43 41 37
8 30 42 67 69 0 70 105 101
7 30 34 94 105 101 103 95
6 31 48 0 63 62 31
9 31 36 8 0 158 159 150 149 34
5 31 44 0 32 31
7 31 43 0 14 133 126 32
8 31 41 14 35 148 146 134 133
7 31 39 31 62 132 126 32
6 31 52 34 35 148 149
6 31 51 0 63 160 158
7 31 38 126 133 134 131 132
6 31 35 131 147 146 134
7 31 53 146 147 150 149 148
5 31 50 158 159 160
9 32 33 74 99 97 86 85 77 75
5 32 37 78 79 80
5 32 36 87 88 89
6 32 34 97 99 100 98
5 33 45 17 18 19
6 33 52 39 93 96 40
7 33 34 93 99 97 104 96
8 34 35 92 102 106 144 141 120
9 34 52 93 121 142 145 94 95 96
7 34 41 94 105 106 144 145
6 34 42 101 105 106 102
6 34 53 141 144 145 142
7 35 37 61 71 128 125 90
7 35 42 71 102 106 136 128
7 35 41 106 136 134 146 144
9 35 38 125 128 136 134 131 192 193
9 35 53 141 144 146 147 186 187 143
13 36 52 34 37 45 38 36 51 52 154 155 151 149
6 36 51 0 111 157 158
5 36 49 52 154 156
5 36 53 149 150 151
8 36 50 154 156 157 158 159 155
5 37 43 0 130 127
6 37 44 0 224 225 130
7 37 42 65 0 127 128 71
8 37 38 125 128 127 130 225 216
9 38 39 126 132 196 202 220 227 129
8 38 43 126 133 135 127 130 129
6 38 42 127 135 136 128
6 38 44 129 130 225 227
6 38 41 133 134 136 135
8 39 44 31 32 129 227 226 33
7 39 48 31 62 116 117 33
5 39 43 32 126 129
6 39 47 33 117 219 226
6 41 43 14 70 135 133
6 41 52 35 94 145 148
7 41 42 70 105 106 136 135
6 41 53 144 146 148 145
6 42 43 0 70 135 127
6 43 44 0 130 129 32
6 44 47 0 223 226 33
5 44 48 0 33 31
7 46 50 176 184 183 201 195
6 46 51 181 205 201 183
6 47 48 0 114 117 33
8 47 51 0 137 180 179 115 114
6 48 51 0 114 112 63
7 49 52 49 138 152 154 52
7 49 53 138 139 169 170 152
9 49 50 152 154 156 162 161 171 170
6 50 53 152 170 168 153
6 50 52 152 154 155 153
11 50 51 157 158 160 200 201 183 182 167 166
11 52 53 138 140 142 145 148 149 151 153 152
